3
6
9
12
15
17
21
25
28
32
34
36
38
42
44
47
49
53
55
58
60
61
65
67
69
70
72
74
76
78
81
83
86
89
92
94
96
98
100
103
105
108
110
112
113
116
118
120
121
123
126
129
132
135
138
141
144
146
149
152
154
157
160
162
166
168
170
173
176
177
180
181
183
185
187
190
192
194
196
198
200
201
202
204
205
207
210
211
214
217
221
223
226
228
231
234
237
240
243
246
248
250
252
253
255
257
259
262
264
266
267
271
273
275
277
279
281
283
285
288
291
294
297
299
302
304
306
309
312
313
316
318
319
322
325
327
330
332
333
334
337
340
343
345
347
349
352
355
358
360
363
364
365
367
369
371
372
374
377
380
383
385
387
388
390
393
395
398
401
403
405
407
409
410
413
415
419
423
425
426
428
431
433
435
437
439
442
444
446
448
449
454
456
458
460
462
465
467
469
472
475
477
480
484
486
488
490
492
494
496
497
498
499
500
503
506
507
510
512
513
516
518
520
523
525
528
530
533
536
538
541
544
546
548
550
